0 
-88.776755
1 
89.942470
2 
206.131338
3 
61.898996
4 
-96.996388
5 
89.953697
6 
95.041687
7 
168.725769
8 
128.361046
9 
182.964492
10
329.618424
11 
259.243552
12 
40.223325
13 
72.572497
14 
107.448309
15 
-5.305647
16 
1.350771
17 
83.678693
18 
240.929633
19 
-2.658736
20 
36.107503
21
90.070415
22 
22.102366
23 
196.168224
24 
-111.485290
25 
42.639398
26 
122.935738
27 
-29.800607
28 
71.413660
29 
99.439219
30 
106.161167
31 
187.827585
32 
63.036181
33 
-63.496374
34 
130.153880
35 
146.778872
36 
23.090518
37 
127.676043
38 
103.499232
39 
68.406006
40 
144.419332
41 
83.677759
42 
87.707306
43 
35.206529
44 
204.015821
45 
-70.367908
46 
206.779093
47 
112.373573
48 
55.903215
49
100.285026
50 
-95.453536
51 
234.297180
52 
219.892532
53 
178.463996
54 
61.826070
55 
102.211734
56 
192.129091
57 
63.443518
58 
201.124874
59 
44.927151
60 
306.410407
61 
242.503614
62 
150.282008
63 
230.622690
64 
127.023141
65 
274.354809
66 
175.591807
67 
172.733825
68 
177.094292
69 
-36.459200
70 
256.029655
71 
45.344123
72 
92.700762
73 
108.774901
74 
230.947757
75
92.681686
76 
107.808054
77 
52.274501
78 
163.109586
79 
110.251862
80 
8.544096
81 
-29.833779
82 
277.210706
83 
-19.780694
84 
338.873464
85 
185.349410
86 
50.549057
87 
6.555537
88 
-76.076260
89 
9.901452
90 
-10.971310
91 
-12.107723
92 
73.775594
93
-14.693661
94 
216.046729
95 
-41.011862
96 
92.483131
97 
176.254258
98 
-157.455330
99 
19.658986
100 
-80.058202
101 
47.323541
102 
167.883173
103 
167.618403
104 
85.260795
105 
211.439497
106 
283.118926
107 
133.349140
108 
40.358191
109 
105.348498
110 
26.905279
111 
123.912444
112 
69.737138
113 
199.291735
114 
58.581179
115 
142.399201
116 
-92.643558
117 
86.580016
118 
152.617669
119 
17.986447
120 
-93.544178
121 
116.303586
122 
238.260626
123 
95.825947
124 
61.391509
125 
293.216003
126 
218.092256
127 
39.771597
128
-95.446439
129 
247.751828
130 
143.710225
131 
242.761649
132 
154.208499
133 
-39.308466
134 
10.773521
135 
49.286298
136 
76.556428
137 
163.638924
138 
71.500152
139 
-35.037975
140 
94.275299
141 
42.920271
142 
198.020767
143 
31.422749
144 
166.366039
145 
90.744938
146 
198.782230
147 
277.983698
148 
53.945150
149 
99.1 
69.807004
